ROOT_ID:3
NEXT_NODE_ID:197
L;2;1912;1912;968;890;0;98;
L;2;1913;1913;9;2;2;0;
I;2;1912;2001;1;100;196;
L;2;1913;1913;162;132;4;0;
L;2;1913;1913;180;173;5;0;
I;0;
L;2;1913;1913;215;206;7;0;
L;1;1913;532;8;11;
I;0;
L;1;1913;493;10;49;
L;2;1964;1964;233;174;11;0;
I;0;
L;2;1964;1964;236;3;13;0;
L;2;1964;1964;481;292;14;0;
I;0;
L;2;1964;1964;570;502;16;0;
L;2;1964;1964;683;676;17;0;
I;0;
L;2;1923;1964;4;933;19;0;
L;2;1923;1923;280;85;20;0;
I;0;
L;2;1923;1923;397;343;22;0;
L;2;1923;1923;443;404;23;0;
I;0;
L;2;1923;1923;616;537;25;0;
L;2;1923;1923;976;700;26;0;
I;0;
L;2;2001;2001;41;5;28;0;
L;2;2001;2001;113;97;29;0;
I;0;
L;2;2001;2001;181;166;31;0;
L;2;2001;2001;484;463;32;0;
I;0;
L;2;1955;2001;7;787;34;0;
L;2;1955;1955;386;350;35;0;
I;0;
L;2;1955;1955;593;531;37;0;
L;2;1955;1955;735;667;38;0;
I;0;
L;2;1955;1955;770;751;40;0;
L;2;1955;1955;987;979;41;0;
I;0;
L;2;1995;1995;28;8;43;0;
L;2;1995;1995;357;53;44;0;
I;0;
L;2;1995;1995;629;379;46;0;
L;2;1995;1995;861;772;47;0;
I;0;
L;2;1995;1995;989;982;49;0;
L;2;1913;1913;919;641;50;0;
I;0;
L;2;1913;1913;9;2;52;0;
L;2;1913;1913;162;132;53;0;
I;0;
L;2;1913;1913;180;173;55;0;
L;1;1913;215;56;59;
I;0;
L;2;1913;1913;532;493;58;0;
L;1;1913;206;59;91;
I;0;
L;2;1933;1933;677;10;61;0;
L;2;1933;1933;878;722;62;0;
I;0;
L;2;1929;1929;100;11;64;0;
L;2;1929;1929;414;249;65;0;
I;0;
L;2;1929;1929;468;462;67;0;
L;2;1929;1929;699;612;68;0;
I;0;
L;1;1929;793;70;71;
L;2;1941;1941;13;12;71;0;
I;0;
L;2;1941;1941;264;203;73;0;
L;2;1941;1941;625;333;74;0;
I;0;
L;2;1941;1941;775;701;76;0;
L;2;1941;1941;917;795;77;0;
I;0;
L;2;1941;1941;964;959;79;0;
L;2;1928;1928;22;14;80;0;
I;0;
L;2;1928;1928;122;119;82;0;
L;2;1928;1928;231;144;83;0;
I;0;
L;2;1928;1928;951;936;85;0;
L;2;1916;1916;93;15;86;0;
I;0;
L;2;1916;1916;561;352;88;0;
L;2;1916;1916;665;568;89;0;
I;0;
L;2;1916;1916;817;685;91;0;
L;2;1913;1913;919;641;92;0;
I;0;
L;2;1912;1912;77;16;94;0;
L;2;1912;1912;298;148;95;0;
I;0;
L;2;1912;1912;424;337;97;0;
L;1;1912;528;98;101;
I;0;
L;1;1912;437;100;196;
L;2;2013;2013;157;49;101;0;
I;0;
L;2;2013;2013;214;18;103;0;
L;2;2013;2013;281;240;104;0;
I;0;
L;2;2013;2013;755;327;106;0;
L;2;2013;2013;870;791;107;0;
I;0;
L;2;1994;2013;19;900;109;0;
L;2;1994;1994;369;32;110;0;
I;0;
L;2;1994;1994;536;476;112;0;
L;2;1963;1994;20;988;113;0;
I;0;
L;2;1963;1963;106;63;115;0;
L;2;1963;1963;406;256;116;0;
I;0;
L;2;1963;1963;686;490;118;0;
L;2;1963;1963;871;691;119;0;
I;0;
L;2;1963;1963;955;874;121;0;
L;2;1956;1956;39;27;122;0;
I;0;
L;2;1956;1956;67;59;124;0;
L;2;1956;1956;313;110;125;0;
I;0;
L;2;1956;1956;451;409;127;0;
L;2;1956;1956;491;486;128;0;
I;0;
L;1;1956;811;130;131;
L;2;1983;1983;129;29;131;0;
I;0;
L;2;1983;1983;294;140;133;0;
L;2;1983;1983;353;331;134;0;
I;0;
L;2;1983;1983;364;355;136;0;
L;2;1983;1983;438;415;137;0;
I;0;
L;2;1983;1983;591;562;139;0;
L;2;1983;1983;600;592;140;0;
I;0;
L;2;1983;1983;823;762;142;0;
L;2;1983;1983;856;841;143;0;
I;0;
L;2;1940;1940;366;30;145;0;
L;2;1940;1940;539;461;146;0;
I;0;
L;2;1940;1940;670;554;148;0;
L;2;1940;1940;802;703;149;0;
I;0;
L;2;1927;1927;58;33;151;0;
L;2;1927;1927;116;109;152;0;
I;0;
L;2;1927;1927;303;205;154;0;
L;2;1927;1927;527;340;155;0;
I;0;
L;2;1927;1927;652;628;157;0;
L;2;1927;1927;728;659;158;0;
I;0;
L;1;1927;850;160;161;
L;2;1974;1974;168;37;161;0;
I;0;
L;2;1974;1974;308;192;163;0;
L;2;1974;1974;482;444;164;0;
I;0;
L;2;1974;1974;713;692;166;0;
L;2;1924;1974;38;986;167;0;
I;0;
L;2;1924;1924;204;66;169;0;
L;2;1924;1924;301;247;170;0;
I;0;
L;2;1924;1924;464;395;172;0;
L;2;1924;1924;548;511;173;0;
I;0;
L;2;1924;1924;746;583;175;0;
L;2;1924;1924;757;749;176;0;
I;0;
L;2;1924;1924;814;806;178;0;
L;2;1924;1924;864;826;179;0;
I;0;
L;1;1924;985;181;182;
L;2;1924;1936;893;40;182;0;
I;0;
L;2;1936;1936;279;104;184;0;
L;2;1936;1936;349;326;185;0;
I;0;
L;1;1936;773;187;188;
L;2;1936;2001;581;5;188;0;
I;0;
L;1;1936;962;190;191;
L;2;2001;2001;97;41;191;0;
I;0;
L;2;2001;2001;166;113;193;0;
L;2;2001;2001;463;181;194;0;
I;0;
L;2;2001;2001;787;484;196;0;
